alpha=0.500000
beta=0.100000
ntopics=200
ndocs=3870
nwords=11849
liter=30
